// test.C -- test script for matrix package written for millepede project

#include "TAMatrix.h"
#include "TAMatrixSym.h"

int main(){
	double dataT[9*9] =
	
	
{{   13950 , -6262.68 , -3938.57 , -2714.58 , -1589.82 , -8.67619 ,  767.784 ,   1933.2 ,  2910.14},
{ -6262.68 ,  16410.6 , -3757.62 , -2745.38 , -1846.73 , -19.2633 ,  43.5865 ,  990.984 ,  1798.14},
 {-3938.57 , -3757.62 ,  19137.6 , -2553.07 , -2252.35 , -47.0454 , -1485.61 , -1094.23 , -675.373},
 {-2714.58 , -2745.38 , -2553.07 ,  19234.2 , -2411.84 , -57.6622 , -2177.62 ,  -2103.4 ,  -1873.6},
 {-1589.82 , -1846.73 , -2252.35 , -2411.84 ,  19552.9 , -69.6824 , -2972.39 , -3192.73 , -3187.44},
 {-8.67619 , -19.2633 , -47.0454 , -57.6622 , -69.6824 ,  527.598 , -88.0036 , -106.603 , -99.4226},
 { 767.784 ,  43.5865 , -1485.61 , -2177.62 , -2972.39 , -88.0036 ,  17355.6 ,  -5198.6 , -5556.77},
 {  1933.2 ,  990.984 , -1094.23 ,  -2103.4 , -3192.73 , -106.603 ,  -5198.6 ,  15630.3 , -6803.72},
{  2910.14 ,  1798.14 , -675.373 ,  -1873.6 , -3187.44 , -99.4226 , -5556.77 , -6803.72 ,  12943.9}}

	
	
	TAMatrixSym mM(9, dataT);
	mM.Show();
	TAMatrixSym mMI = mM.Invert();
	mMI.Show();
	return 0;
}
