// test.C -- test script for matrix package written for millepede project

#include "TAMatrix.h"
#include "TAMatrixSym.h"
TAMatrixSym main2();

int main(){
	double dataT[9*9] =
	
        {108.021,  -39.3855,  -39.9136,  -33.0426,  -13.2946,         0,   4.79196,   18.6163,   26.6975,
       -39.3855,   120.102,   -36.625,  -13.5844,  -12.9417,         0,-0.0800784,   6.77546,    14.814,
       -39.9136,   -36.625,   185.479,  -21.9084,   -18.365,         0,  -18.1958,  -11.4611,  -6.18197,
       -33.0426,  -13.5844,  -21.9084,   148.911,  -13.5468,         0,  -20.8736,  -19.1352,  -13.6805,
       -13.2946,  -12.9417,   -18.365,  -13.5468,   149.706,         0,  -27.4723,  -23.4737,  -23.5695,
              0,         0,         0,         0,         0,         0,         0,         0,         0,
        4.79196,-0.0800784,  -18.1958,  -20.8736,  -27.4723,         0,   192.196,  -58.3306,  -65.5902,
        18.6163,   6.77546,  -11.4611,  -19.1352,  -23.4737,         0,  -58.3306,   155.263,  -67.9667,
        26.6975,    14.814,  -6.18197,  -13.6805,  -23.5695,         0,  -65.5902,  -67.9667,   129.745};

	
	
	TAMatrixSym mM = main2();
	mM.Show();
	TAMatrixSym mMI = mM.Invert();
	mMI.Show();
	(mM*mMI).Show();
	return 0;
}

#include "test.C"
